<?xml version="1.0"?>
<opencv_storage>
<Data type_id="opencv-matrix">
  <rows>35</rows>
  <cols>2</cols>
  <dt>i</dt>
  <data>
    0 1 1 2 2 3 3 4 4 5 5 6 6 7 7 8 8 9 9 10 10 11 11 12 12 13 13 14 14
    15 15 16 16 17 17 18 18 19 19 20 20 21 21 22 22 23 23 24 24 25 25 26
    26 24 27 26 28 21 29 30 30 18 31 32 32 33 33 34 34 35</data></Data>
</opencv_storage>
