<?xml version="1.0"?>
<opencv_storage>
<Data type_id="opencv-matrix">
  <rows>38</rows>
  <cols>2</cols>
  <dt>i</dt>
  <data>
    0 27 1 0 2 3 3 4 4 5 5 3 6 5 7 8 8 9 9 10 10 11 11 12 12 13 13 14 14
    15 15 16 16 17 17 18 18 19 19 17 20 21 21 22 22 23 23 24 24 25 25 26
    26 29 27 37 28 37 29 28 30 31 31 32 32 33 33 34 34 35 35 36 36 23 37
    0</data></Data>
</opencv_storage>
